0,1343
1,1265
2,1224
3,1274
4,1383
5,1492
6,1550
7,1503
8,1442
9,1414
10,1465
11,1581
12,1676
13,1691
14,1625
15,1552
16,1539
17,1612
18,1726
19,1793
20,1772
21,1691
22,1638
23,1634
24,1731
25,1832
26,1871
27,1822
28,1733
29,1683
30,1720
31,1826
32,1912
33,1919
34,1848
35,1768
36,1740
37,1800
38,1902
39,1968
40,1952
41,1867
42,1790
43,1777
44,1879
45,1965
46,2011
47,1968
48,1877
49,1815
50,1836
51,1941
52,2017
53,2034
54,1974
55,1881
56,1846
57,1897
58,1996
59,2069
60,2057
61,1977
62,1891
63,1883
64,1954
65,2052
66,2100
67,2065
68,1977
69,1913
70,1927
71,2011
72,2106
73,2134
74,2080
75,1981
76,1937
77,1991
78,2073
79,2143
80,2160
81,2070
82,1985
83,1971
84,2034
85,2136
86,2192
87,2165
88,2076
89,2005
90,2008
91,2095
92,2187
93,2220
94,2167
95,2078
96,2027
97,2060
98,2154
99,2238
100,2245
101,2171
102,2084
103,2055
104,2113
105,2209
106,2278
107,2253
108,2177
109,2089
110,2088
111,2169
112,2269
113,2310
114,2264
115,2170
116,2101
117,2138
118,2222
119,2314
120,2329
121,2257
122,2169
123,2133
124,2182
125,2281
126,2351
127,2337
128,2253
129,2168
130,2156
131,2230
132,2328
133,2370
134,2332
135,2240
136,2174
137,2190
138,2274
139,2357
140,2386
141,2321
142,2223
143,2182
144,2221
145,2318
146,2391
147,2385
148,2313
149,2222
150,2230
151,2252
152,2351
153,2410
154,2368
155,2277
156,2209
157,2212
158,2290
159,2381
160,2410
161,2349
162,2256
163,2199
164,2228
165,2315
166,2400
167,2399
168,2316
169,2227
170,2195
171,2248
172,2351
173,2406
174,2364
175,2287
176,2201
177,2196
178,2271
179,2365
180,2404
181,2360
182,2237
183,2177
184,2195
185,2287
186,2368
187,2374
188,2298
189,2202
190,2155
191,2194
192,2300
193,2363
194,2343
195,2249
196,2163
197,2146
198,2203
199,2301
200,2341
201,2295
202,2189
203,2113
204,2144
205,2222
206,2299
207,2315
208,2243
209,2147
210,2096
211,2142
212,2235
213,2284
214,2278
215,2183
216,2098
217,2069
218,2129
219,2224
220,2271
221,2230
222,2135
223,2051
224,2051
225,2133
226,2218
227,2239
228,2178
229,2115
230,2014
231,2045
232,2133
233,2211
234,2200
235,2119
236,2022
237,1990
238,2041
239,2153
240,2188
241,2154
242,2059
243,1978
244,1961
245,2052
246,2134
247,2155
248,2109
249,2005
250,1934
251,1961
252,2048
253,2126
254,2132
255,2048
256,1960
257,1912
258,1955
259,2055
260,2115
261,2085
262,2018
263,1916
264,1893
265,1977
266,2062
267,2090
268,2055
269,1954
270,1876
271,1898
272,1982
273,2064
274,2080
275,2007
276,1908
277,1862
278,1905
279,1994
280,2078
281,2053
282,1966
283,1876
284,1855
285,1921
286,2015
287,2060
288,2033
289,1929
290,1851
291,1870
292,1946
293,2027
294,2076
295,1996
296,1894
297,1847
298,1883
299,1970
300,2055
301,2049
302,1966
303,1890
304,1854
305,1905
306,2021
307,2066
308,2032
309,1956
310,1871
311,1866
312,1960
313,2042
314,2070
315,2032
316,1929
317,1864
318,1903
319,1994
320,2072
321,2084
322,2011
323,1914
324,1884
325,1941
326,2031
327,2111
328,2086
329,1991
330,1931
331,1915
332,1983
333,2092
334,2132
335,2076
336,1996
337,1930
338,1944
339,2048
340,2134
341,2143
342,2080
343,1989
344,1948
345,2002
346,2094
347,2167
348,2157
349,2072
350,2005
351,1984
352,2046
353,2158
354,2205
355,2162
356,2081
357,2011
358,2016
359,2106
360,2203
361,2226
362,2167
363,2074
364,2033
365,2071
366,2160
367,2244
368,2246
369,2163
370,2092
371,2062
372,2115
373,2232
374,2283
375,2250
376,2167
377,2096
378,2099
379,2183
380,2275
381,2307
382,2260
383,2160
384,2106
385,2145
386,2233
387,2322
388,2325
389,2249
390,2168
391,2131
392,2182
393,2276
394,2353
395,2324
396,2252
397,2168
398,2156
399,2243
400,2335
401,2371
402,2326
403,2232
404,2178
405,2189
406,2279
407,2382
408,2383
409,2309
410,2232
411,2184
412,2220
413,2334
414,2398
415,2373
416,2301
417,2214
418,2194
419,2268
420,2361
421,2409
422,2368
423,2271
424,2209
425,2216
426,2292
427,2402
428,2409
429,2336
430,2253
431,2200
432,2230
433,2331
434,2403
435,2388
436,2316
437,2222
438,2194
439,2268
440,2352
441,2402
442,2372
443,2274
444,2197
445,2196
446,2272
447,2376
448,2392
449,2329
450,2256
451,2176
452,2194
453,2301
454,2375
455,2366
456,2290
457,2195
458,2162
459,2210
460,2299
461,2371
462,2337
463,2234
464,2167
465,2150
466,2215
467,2308
468,2342
469,2293
470,2188
471,2117
472,2143
473,2225
474,2300
475,2315
476,2239
477,2134
478,2096
479,2139
480,2224
481,2283
482,2274
483,2174
484,2100
485,2074
486,2131
487,2232
488,2273
489,2221
490,2123
491,2050
492,2055
493,2137
494,2222
495,2234
496,2172
497,2069
498,2010
499,2048
500,2141
501,2207
502,2200
503,2109
504,2016
505,1987
506,2043
507,2142
508,2188
509,2140
510,2066
511,1977
512,1963
513,2057
514,2137
515,2151
516,2102
517,2001
518,1931
519,1962
520,2054
521,2125
522,2129
523,2047
524,1949
525,1913
526,1962
527,2066
528,2113
529,2082
530,1994
531,1909
532,1894
533,1985
534,2064
535,2090
536,2052
537,1949
538,1872
539,1903
540,1990
541,2062
542,2080
543,2003
544,1902
545,1865
546,1909
547,2007
548,2065
549,2046
550,1968
551,1872
552,1857
553,1937
554,2023
555,2060
556,2024
557,1926
558,1847
559,1876
560,1957
561,2031
562,2064
563,1993
564,1888
565,1852
566,1890
567,1976
568,2060
569,2049
570,1961
571,1887
572,1855
573,1917
574,2015
575,2065
576,2036
577,1939
578,1865
579,1882
580,1953
581,2044
582,2085
583,2017
584,1921
585,1880
586,1902
587,1994
588,2082
589,2082
590,1999
591,1938
592,1887
593,1938
594,2055
595,2107
596,2073
597,1998
598,1919
599,1909
600,2001
601,2093
602,2122
603,2085
604,1989
605,1921
606,1959
607,2048
608,2128
609,2149
610,2077
611,1979
612,1956
613,2003
614,2100
615,2172
616,2155
617,2072
618,1996
619,1983
620,2058
621,2155
622,2203
623,2164
624,2069
625,2000
626,2027
627,2114
628,2206
629,2228
630,2165
631,2073
632,2034
633,2071
634,2183
635,2249
636,2243
637,2173
638,2071
639,2059
640,2125
641,2235
642,2282
643,2261
644,2162
645,2091
646,2110
647,2178
648,2283
649,2306
650,2259
651,2158
652,2106
653,2147
654,2238
655,2332
656,2315
657,2255
658,2155
659,2140
660,2192
661,2257
662,2356
663,2325
664,2245
665,2153
666,2165
667,2237
668,2348
669,2367
670,2329
671,2229
672,2170
673,2200
674,2281
675,2377
676,2380
677,2323
678,2211
679,2181
680,2236
681,2331
682,2397
683,2377
684,2294
685,2208
686,2199
687,2271
688,2366
689,2410
690,2363
691,2269
692,2201
693,2218
694,2304
695,2391
696,2408
697,2341
698,2243
699,2200
700,2241
701,2333
702,2404
703,2393
704,2306
705,2220
706,2197
707,2262
708,2356
709,2401
710,2367
711,2259
712,2205
713,2200
714,2279
715,2374
716,2388
717,2329
718,2233
719,2178
720,2216
721,2311
722,2367
723,2365
724,2285
725,2192
726,2162
727,2218
728,2312
729,2364
730,2332
731,2238
732,2157
733,2151
734,2223
735,2313
736,2343
737,2287
738,2183
739,2124
740,2143
741,2228
742,2294
743,2325
744,2236
745,2128
746,2091
747,2145
748,2226
749,2294
750,2266
751,2175
752,2093
753,2071
754,2138
755,2234
756,2267
757,2215
758,2128
759,2054
760,2060
761,2144
762,2226
763,2232
764,2161
765,2065
766,2016
767,2053
768,2145
769,2211
770,2196
771,2106
772,2014
773,1992
774,2049
775,2145
776,2189
777,2145
778,2044
779,1969
780,1987
781,2051
782,2132
783,2148
784,2088
785,2004
786,1937
787,1968
788,2062
789,2124
790,2123
791,2042
792,1945
793,1916
794,1973
795,2063
796,2117
797,2083
798,1985
799,1901
800,1897
801,1976
802,2068
803,2092
804,2041
805,1941
806,1876
807,1904
808,1992
809,2076
810,2074
811,1999
812,1901
813,1866
814,1910
815,2009
816,2071
817,2048
818,1956
819,1872
820,1865
821,1936
822,2029
823,2069
824,2019
825,1924
826,1847
827,1868
828,1960
829,2040
830,2056
831,1986
832,1893
833,1849
834,1893
835,1988
836,2059
837,2046
838,1959
839,1867
840,1852
841,1932
842,2016
843,2076
844,2028
845,1935
846,1865
847,1872
848,1963
849,2050
850,2072
851,2015
852,1918
853,1863
854,1913
855,2011
856,2075
857,2078
858,2000
859,1911
860,1889
861,1951
862,2041
863,2109
864,2085
865,1993
866,1916
867,1920
868,2001
869,2096
870,2135
871,2069
872,1978
873,1924
874,1956
875,2052
876,2138
877,2145
878,2074
879,1985
880,1952
881,2008
882,2118
883,2170
884,2150
885,2067
886,1991
887,1980
888,2065
889,2163
890,2204
891,2160
892,2067
893,2006
894,2030
895,2122
896,2212
897,2223
898,2158
899,2057
900,2033
901,2081
902,2181
903,2251
904,2239
905,2159
906,2075
907,2061
908,2137
909,2233
910,2283
911,2247
912,2154
913,2080
914,2105
915,2190
916,2285
917,2299
918,2252
919,2157
920,2106
921,2153
922,2246
923,2326
924,2318
925,2239
926,2156
927,2133
928,2196
929,2312
930,2355
931,2319
932,2246
933,2162
934,2156
935,2256
936,2344
937,2365
938,2324
939,2226
940,2161
941,2205
942,2297
943,2371
944,2385
945,2305
946,2210
947,2184
948,2241
949,2329
950,2402
951,2374
952,2280
953,2207
954,2200
955,2272
956,2374
957,2405
958,2360
959,2263
960,2198
961,2223
962,2307
963,2388
964,2413
965,2331
966,2232
967,2199
968,2241
969,2335
970,2409
971,2388
972,2297
973,2215
974,2197
975,2261
976,2359
977,2403
978,2353
979,2273
980,2193
981,2199
982,2300
983,2374
984,2383
985,2329
986,2228
987,2167
988,2221
989,2304
990,2368
991,2373
992,2281
993,2180
994,2171
995,2223
996,2310
997,2374
998,2328
999,2223
1000,2161
1001,2153
1002,2224
1003,2325
1004,2342
1005,2276
1006,2189
1007,2121
1008,2144
1009,2240
1010,2310
1011,2300
1012,2226
1013,2130
1014,2089
1015,2145
1016,2241
1017,2289
1018,2273
1019,2171
1020,2079
1021,2081
1022,2150
1023,2235
